15
10
1
13
9
13
10
1
1
2
3
14
3
14
0
1
3
10
13
13
13
3
0
4
14
6
14
6
0
1
5
1
4
1
6
2
1
6
0
0
2
0
2
0
7
7
5
7
6
1
1
8
12
5
12
5
0
1
9
8
10
8
10
0
1
10
6
12
6
13
1
1
9
1
13
10
13
11
1
1
2
3
0
6
0
3
0
3
0
10
2
10
2
0
4
12
5
12
7
2
1
5
2
7
3
7
1
0
6
6
4
6
4
0
1
7
6
7
6
8
-1
1
8
7
2
7
2
0
1
9
1
13
1
13
0
1
10
8
10
8
10
0
1
#~~~~~~~~~~~~~~
#~~~###~~~~~~~~
#~~~~~~~~~~~~~~
~~~~~~~~~~~~~~#
~~~~~~~~~~~~~~~
~~~~~~~o~o~~~~~
~~~~o~~~~~~~##~
~~o~~##~~~~~~~~
~~~~~~~~~~#~~~~
~~~~~~~~~~~~~~~
~~~~~~~~~~~~~#~
~~~~~~~~~~~~~#~
~~~~~#~~~~~~~#~
~~~~~~~~~##~~#~
~~~~~~#~~~~~~~~
o~~~~~~~~~#~~~~
~~~~~~~~~~#~~#~
~~~~~~~#~~#~~~~
#~~~~~~#~~~~~~~
#~~~~~~~~~~~~~~
#~~~~~~~~~~~~~~
#~~~#ooxxo~~~~~
~~#~~~~~~~~~~~~
~~~~~~~~~~#~~~~
~~~~~~~~~~~~~~~
~~~~~~~~~~~~~~~
~~~~~~~~~~~~~~~
~~~~~###~~~~~~~
~~~~~~~~~~##~~~
~~~~~~~~~~~~~~~
o~~~~~~~~~~~~~~
~~~~~~~~~~~~~~~
~~~~~~~~~~~~~~~
~~~~~~~~~~~~~~~
~~~~~~~~~~~~~~~
~~~~~~~~~~~~~~~
~~~~~ooxxo~~~~~
~~~~~~~~~~~~~~~
~~~~~~~~~~~~~~~
~~~~~~~~~~~~~~~
~~~~~~~~~~~~~~~
~~~~~~~~~~~~~~~
~~~~~~~~~~~~~~~
~~~~~~~~~~~~~~~
~~~~~~~~~~~~~~~
